!  
! R    D    M    P
100
1.0292005271944284 0.00017182801027592818 1.2222951205262022e-21 -0.022536967986440226
1.0901844923851278 0.00016020501013064338 0.00014269899340128492 -0.022533177410963647
1.1547819846894585 0.00016328912082504195 0.00030835954737740807 -0.022521889893031406
1.2232071190499318 0.00014200109821234022 0.0004933216441449457 -0.022502417652636605
1.2956866975170196 0.00012258238568035708 0.000683797847721425 -0.02247543240864846
1.3724609610075622 0.00010705694112080803 0.0008803461642970988 -0.022441624698357154
1.453784385607662 9.44711994134898e-05 0.0010854094976744048 -0.022401543543630324
1.5399265260594925 8.688180432463992e-05 0.0013049896678387276 -0.02235562060208213
1.6311729092278389 8.360060921311673e-05 0.0015506377480912956 -0.022303924939704154
1.727825980507864 7.164981892222503e-05 0.0018156225176421844 -0.022246115117531683
1.8302061063110566 6.303858623228415e-05 0.002089052010980895 -0.02218287876220421
1.9386526359522078 5.489329853934523e-05 0.002373509717937489 -0.02211463055314213
2.0535250264571467 5.066923300409263e-05 0.0026766363305611995 -0.022041847129609327
2.175204034019523 4.935571842553876e-05 0.003018533085461793 -0.02196448416564144
2.304092976055846 4.4011043458187735e-05 0.003396866856277786 -0.021881993883591862
2.440619068041981 4.2834859671798487e-05 0.0038161676476247642 -0.021794658219142646
2.5852348395621916 4.04362919454056e-05 0.004293575270546948 -0.021701877605335356
2.738419634264362 3.681705076298779e-05 0.004819423549355293 -0.021603345167122933
2.9006811986931544 2.9733048406079026e-05 0.005355957252552941 -0.02149914639434187
3.072557365267448 3.20569781484237e-05 0.0059529530464334755 -0.021390647551564078
3.25461783498046 2.6483065058840765e-05 0.006620041517034022 -0.021275965005286838
3.4474660657314944 2.3971431358326074e-05 0.007305166256177381 -0.021156340028903535
3.651741272548378 2.193687155335219e-05 0.008046302050242328 -0.021031871837545055
3.868120546330523 2.0906923878410254e-05 0.008869305930275668 -0.02090252236028403
4.097321098135416 1.790992810316525e-05 0.00975279792851332 -0.020767743404743744
4.3401026364474395 1.6885902837605785e-05 0.010696655253753613 -0.020628330381884215
4.597269885308724 1.55451178066255e-05 0.011741475666632523 -0.020483838092936125
4.869675251658632 1.3401095990052232e-05 0.012847724477561707 -0.02033412663358171
5.158221650723058 1.3488933384350831e-05 0.014074563356468563 -0.020179923374223696
5.463865498818544 1.2259967888285001e-05 0.015466693529456533 -0.02001981500455465
5.7876198834912085 1.0733319541186983e-05 0.016942585361865554 -0.019853844247466213
6.13055792149821 9.660859761380451e-06 0.018499646688025097 -0.019682601311414492
6.493816315762115 9.416604635403461e-06 0.020234710659439867 -0.019506236895452056
6.878599123088078 7.980123309412972e-06 0.022107613844172466 -0.019323660766441045
7.2861817451322795 7.342688395815372e-06 0.02407284230854039 -0.019136010491018277
7.717915155850127 6.611266975329352e-06 0.026198537876557886 -0.018943074694968698
8.175230379436503 6.127913836597627e-06 0.028506919694234526 -0.01874498724784609
8.659643233600656 5.205373917267537e-06 0.030941550167500623 -0.01854139876165998
9.172759353897797 4.89581587139846e-06 0.03352810236217298 -0.018333394620212724
9.716279515771065 4.255461003883475e-06 0.03630682646859379 -0.018120347965494357
10.292005271944282 3.928824234957685e-06 0.039265504072975556 -0.017902953444832143
10.90184492385128 3.4072870447297837e-06 0.04241181490864971 -0.017680870413959972
11.547819846894583 3.145233401126669e-06 0.04575779386731865 -0.017454814820583146
12.232071190499322 2.6712803994879718e-06 0.04927937594664277 -0.017224423162061943
12.9568669751702 2.3484612750281108e-06 0.05289503195510699 -0.016990737100756177
13.724609610075621 2.13918046373711e-06 0.056740655034388625 -0.016754160602853098
14.537843856076625 2.0064144852179e-06 0.06096637832881705 -0.016514503685961007
15.399265260594923 1.7283933413518701e-06 0.06547994640862567 -0.016271084097439038
16.31172909227839 1.4892573641220344e-06 0.07010156026193194 -0.01602468670804802
17.27825980507864 1.3940633718155336e-06 0.07503536985607856 -0.015776029379905514
18.30206106311057 1.2365472897616576e-06 0.0803769946802195 -0.015524431582890234
19.38652635952208 1.1080571316971668e-06 0.08603695720806877 -0.015270137995838304
20.535250264571463 9.206209873512763e-07 0.0918447939416749 -0.015013208374208959
21.752040340195236 8.579040491774747e-07 0.09791625429319316 -0.014754933002783516
23.040929760558463 7.583971971462633e-07 0.10446407610512187 -0.014494670705633756
24.40619068041982 6.381117171161927e-07 0.11117839720612721 -0.014232666121266191
25.85234839562192 5.758753075123482e-07 0.1181293862332982 -0.013969928582743794
27.38419634264362 5.110009411702152e-07 0.12552206181137476 -0.01370630540812275
29.006811986931552 4.557454001034136e-07 0.13333829568919922 -0.013441914405595789
30.725573652674477 3.917816530879964e-07 0.14147370600583248 -0.01317678778468908
32.546178349804606 3.425175715650792e-07 0.14985496226799908 -0.012911517172912697
34.47466065731495 3.1265830831796256e-07 0.15875379392294542 -0.01264639617192974
36.51741272548378 2.8084740453138256e-07 0.16833012263874664 -0.012381060848018778
38.68120546330524 2.4878364648618783e-07 0.17848263820061527 -0.012115404928746557
40.973210981354164 2.199486375957209e-07 0.18916090093969173 -0.011849538540850059
43.40102636447441 1.9513745663066915e-07 0.20040067575034012 -0.011583594446820606
45.97269885308724 1.756337779448015e-07 0.21233794819999754 -0.011317645019127277
48.69675251658632 1.585772002050775e-07 0.2251276096683313 -0.011051543603797068
51.5822165072306 1.417383182510595e-07 0.2387825554717458 -0.010785102511022382
54.63865498818544 1.2706913553073152e-07 0.2533100618234602 -0.010518296979421336
57.8761988349121 1.1257363204106178e-07 0.2686974833273942 -0.010251057379776933
61.305579214982096 1.0103252429756084e-07 0.2850045969389182 -0.009983499787873579
64.93816315762115 9.044377593532748e-08 0.30237646514323685 -0.009715535296976779
68.7859912308808 7.843750831805741e-08 0.32057000511195677 -0.00944711864058192
72.86181745132279 6.924290405822096e-08 0.33948821362839376 -0.009178690926529816
77.17915155850129 5.962988381302035e-08 0.35909512270869315 -0.008910395623495954
81.75230379436503 5.249497155585358e-08 0.37938243822036993 -0.00864272765960534
86.59643233600654 4.544501931665345e-08 0.4004334727078059 -0.008375827888404033
91.727593538978 3.951419768291295e-08 0.4221394032795766 -0.008110060536164986
97.16279515771066 3.431781846322457e-08 0.44455747545626534 -0.007845699073105346
102.9200527194429 2.9415097759127967e-08 0.4675482280610266 -0.00758300857136117
109.01844923851282 2.524075521399741e-08 0.4909818756548335 -0.007322397627358752
115.47819846894585 2.183909798524464e-08 0.5149780328793113 -0.0070642193076567465
122.32071190499316 1.865839105406955e-08 0.5395012242448469 -0.006808692118351084
129.56866975170206 1.584260959236013e-08 0.5643270367150043 -0.006556155856805088
137.2460961007563 1.3743761209496977e-08 0.5896451433479106 -0.006306977937059135
145.37843856076626 1.1808350675526655e-08 0.6156255446264273 -0.006061257234353361
153.99265260594922 9.997415281675207e-09 0.6419650215121707 -0.005819177538060402
163.11729092278384 8.340618919169116e-09 0.6682801435476792 -0.005581040948283132
172.78259805078648 7.139462778633783e-09 0.694700939632187 -0.005347240484929917
183.0206106311057 6.095198150022897e-09 0.7215452718836961 -0.005117889095802264
193.86526359522082 5.2361721522318995e-09 0.748866475884683 -0.0048931011659444365
205.35250264571465 4.597648250125207e-09 0.7770640944222589 -0.004672919939406885
217.52040340195228 3.9164828391827194e-09 0.8060543814161036 -0.004457205690338471
230.40929760558475 3.4590748638986944e-09 0.8359328323282649 -0.004246055612638187
244.0619068041982 3.0396498658699893e-09 0.8672172533475838 -0.004039282084657855
258.5234839562192 2.6509212552904774e-09 0.8997680253595065 -0.003836744600817973
273.84196342643617 2.229321732249043e-09 0.9329111472727531 -0.003638363604849587
290.06811986931564 1.906994748816876e-09 0.9663135780162587 -0.003444311346717106
307.2557365267449 1.6045361167974193e-09 0.9999999999999999 -0.0032546178349793973
